3.574872
3.2319849
3.3813055
3.54536
3.7171679
3.8886008
4.0785418
4.2772155
4.4852033
4.7036495
4.9309654
5.1677876
5.415576
5.6731043
5.942681
6.2230167
6.5137534
6.8184543
7.1313415
7.462889
7.8037596
8.154019
8.527956
8.908049
9.307155
9.714939
10.143521
10.57801
11.035436
11.511882
11.992861
12.494913
13.00853
13.536863
14.0833645
14.643579
15.225757
15.811089
16.420622
17.0351
17.664913
18.313053
18.972137
19.651682
20.32491
21.021135
21.719841
22.440046
23.161922
23.825047
24.558111
25.266567
26.01307
26.750376
27.504732
28.267862
29.021952
29.779144
30.531258
31.339012
32.08813
32.830395
33.58086
34.319084
35.05456
35.772182
36.492054
35.71643
36.24688
37.005466
37.72773
38.3646
39.11785
39.84288
40.51685
41.1836
41.83851
42.488373
43.116577
43.749924
44.302826
44.807293
45.349827
45.84996
46.395096
46.869877
47.49273
47.938686
48.536053
49.08253
49.600258
50.070705
50.39907
50.82104
51.288673
51.58851
52.034405
52.31624
52.47709
52.796955
53.11409
53.46693
53.716393
54.084373
54.255672
54.615467
54.977448
55.19993
55.468914
55.66451
55.919476
56.096836
56.280964
56.281578
56.566696
56.813976
56.853283
57.085682
57.1637
57.36101
57.37147
57.59622
57.389896
57.580547
57.628014
57.72839
57.4837
57.90439
58.102596
58.17024
58.421997
58.608334
58.746967
58.833755
58.829388
58.921856
58.946747
58.93779
59.076134
59.159542
59.207077
59.21408
59.293148
59.273968
59.06005
59.05421
59.07079
59.210644
59.184772
59.1887
59.172707
59.16648
59.160667
59.325043
59.400642
59.3716
59.528828
59.37017
59.64684
59.494255
59.64363
59.638058
59.603344
59.748993
59.877823
59.920856
60.050186
59.960815
60.001038
60.00333
59.91715
59.971973
59.998234
59.99606
60.056816
60.040115
60.036148
59.94527
60.034084
60.05308
60.016277
59.975624
59.991158
59.957516
53.917236
56.07335
56.42881
56.729473
56.978996
57.165333
57.357143
57.28516
57.420105
57.649586
57.888165
57.942326
57.973694
58.181396
58.37118
58.552723
58.824303
58.875076
59.053547
59.054283
58.888203
59.033066
59.151936
59.329914
59.334698
59.15652
59.240814
59.396984
59.445324
59.381187
59.370777
59.553455
59.653553
59.530827
59.50914
59.48845
59.49578
59.583828
59.603577
59.691593
59.657585
59.606915
59.58197
59.564247
59.515163
59.509678
59.373924
59.491962
59.6467
59.64239
59.739944
59.956997
60.013382
60.122
60.057854
60.012505
59.91062
60.09081
60.168827
60.275566
60.192383
60.282204
60.39101
60.367077
60.32924
60.35948
55.40139
53.035557
53.490105
53.2952
53.416958
53.78564
54.04617
48.01709
48.284843
48.831444
46.801212
47.378517
47.960644
48.422935
48.92274
49.242504
49.5104
50.096172
50.536583
50.792862
51.359135
51.82543
52.206844
52.480717
52.765736
53.121693
53.51658
53.89265
54.191708
54.44549
54.734863
54.970306
55.153866
55.34149
55.698696
55.73325
56.077984
56.325855
56.456734
56.649284
56.693478
56.745323
57.064495
57.223324
57.38009
57.528683
57.479717
57.787483
57.81443
57.959633
57.941696
58.133183
58.31008
58.56867
58.594913
58.474884
58.70444
58.745094
58.697792
58.828903
58.67085
58.74944
58.794292
58.94143
59.15088
59.142765
59.131775
59.02228
59.15349
59.328896
59.456253
59.59229
59.752857
59.73124
59.809353
59.781208
59.830357
59.770744
59.803917
59.78896
59.833252
59.836666
59.76128
59.87547
59.88096
59.87832
59.877445
59.838802
59.948982
59.887077
59.91618
59.88912
59.910053
59.9598
59.893047
59.878887
59.9187
59.977543
59.943985
59.979702
59.98562
59.996666
59.983105
59.935566
59.920895
59.977894
59.956585
59.93411
59.97205
60.003937
60.02145
60.020775
59.944096
59.518394
60.02712
59.978027
59.988632
59.9809
59.947475
60.015175
60.023624
60.015053
59.980907
60.01687
59.81292
59.958336
60.058125
59.979485
60.03048
60.06176
60.032402
59.935795
60.020752
59.855793
60.025078
60.028015
60.055622
60.068626
60.004795
59.945507
60.05954
60.043316
59.996872
59.96468
59.9694
59.97992
60.02228
60.01265
60.063374
59.9862
60.058098
59.93437
60.067387
59.99932
60.007126
60.042625
60.0208
60.026512
59.97428
60.02317
60.052757
60.042515
60.01178
60.031776
59.99688
60.04457
60.03874
60.00492
60.022488
60.006905
60.01751
60.05076
60.02596
60.039513
60.002686
60.035637
60.030254
60.03232
60.020237
59.9669
60.04577
60.049725
59.99128
59.921047
60.05016
60.021084
60.001785
60.01551
59.978172
60.042557
60.008442
60.032703
59.968796
60.057835
59.90083
59.98785
60.061928
60.01678
60.014084
59.956566
60.027008
60.038662
60.047894
59.98862
60.0402
59.998215
60.045532
60.06294
60.00811
59.961124
60.03627
59.79083
60.04812
60.060574
59.979454
59.84111
60.037697
60.06349
60.000134
60.035465
60.035625
60.029423
60.025272
60.002483
59.96131
60.050293
59.936382
59.995808
59.977787
60.03532
60.036823
60.046352
60.02731
60.03362
60.061153
59.951363
60.072308
60.02191
60.038845
60.018646
60.03984
60.02318
60.03482
60.015953
59.876335
60.014774
60.01423
59.992615
60.01171
60.023407
60.008907
59.960754
59.98982
60.00076
60.040775
60.014637
60.038593
60.057266
60.04485
59.95893
60.067005
57.149147
57.32128
57.465664
57.54787
57.453564
57.727848
57.941822
58.002483
58.094574
58.171936
58.30667
58.36356
58.48807
58.54234
58.51285
58.609764
58.747547
58.830566
58.803135
58.88875
58.984756
58.89485
58.943794
59.13603
59.194168
59.090965
59.23439
59.333817
59.278072
59.313046
59.406075
59.38759
59.503986
59.463737
59.454292
59.51204
59.519
59.513325
59.594887
59.66822
59.636517
59.703506
59.718147
59.664753
59.763287
59.66297
59.77927
59.773888
59.73242
59.815365
59.773598
59.84929
59.858223
59.77256
59.853092
59.774406
59.88013
59.82557
59.91859
59.907227
59.84311
59.903545
59.81244
59.87445
59.883255
59.871426
59.969757
59.910244
59.965916
59.90395
59.984577
59.98022
59.877506
59.98906
59.97404
59.98474
59.82055
59.95253
59.979336
59.937
60.010426
59.947063
60.02124
60.012074
59.96662
59.94159
60.011005
59.96776
59.99781
59.982758
59.89164
59.986156
60.028522
59.992973
60.003345
60.01679
59.968742
59.913876
59.937267
60.030766
60.04449
59.946526
59.908016
59.92567
60.05365
59.988037
60.060463
59.980576
60.030186
59.878983
60.045387
59.98522
59.98943
60.010838
60.009567
59.972122
59.834072
60.013443
60.01368
60.057373
59.975193
60.006313
60.01879
59.99019
60.05923
60.000088
59.957195
60.03704
60.018673
59.981068
60.058342
59.79942
59.61286
59.880936
59.974216
59.782127
59.63333
59.848957
59.982094
60.089603
60.152443
60.042686
60.0471
60.031914
60.078316
60.103962
60.03901
60.08486
60.01117
59.85591
60.05216
60.028416
60.100456
60.114628
60.025845
60.08979
60.006622
60.091103
60.03748
60.09224
60.041225
59.837734
59.921604
60.062492
60.065304
60.04048
59.98497
60.073452
60.05991
60.06634
59.986248
60.007095
60.00806
60.09093
60.095303
60.033466
59.88249
60.084347
60.026257
59.999424
60.06248
60.035446
59.989
60.018417
60.090115
60.036236
60.05554
60.024757
60.040936
60.022476
60.021954
60.07017
59.979027
60.078465
60.006542
60.049866
60.06562
60.015263
60.05447
59.97316
60.06076
59.996723
60.051807
60.036896
59.97093
60.048786
59.984554
60.03561
60.048584
59.969013
60.033634
59.987892
60.030277
59.961384
60.073242
59.996574
60.057102
59.71415
59.517536
59.812035
59.661198
59.64543
59.63532
59.770576
59.84804
59.82994
59.777767
59.848576
60.037964
59.969486
59.927246
59.97299
60.128086
60.213818
60.145298
60.206493
60.155746
60.12437
60.078472
60.149254
60.14526
60.136425
60.12968
60.077145
60.020966
60.141163
60.130993
60.056015
60.02644
60.102478
60.11809
60.0602
60.07298
60.050743
60.025944
60.06022
60.012085
60.04078
60.062115
60.09955
60.07504
60